function [y]=cmap_bio
y=[0.9765    0.9882    0.5137
    0.9566    0.9783    0.5027
    0.9368    0.9685    0.4917
    0.9169    0.9586    0.4806
    0.8971    0.9487    0.4696
    0.8772    0.9388    0.4585
    0.8573    0.9289    0.4475
    0.8375    0.9190    0.4365
    0.8176    0.9091    0.4254
    0.7978    0.8993    0.4144
    0.7779    0.8894    0.4034
    0.7581    0.8795    0.3923
    0.7382    0.8696    0.3813
    0.7184    0.8597    0.3702
    0.6985    0.8498    0.3592
    0.6787    0.8399    0.3482
    0.6588    0.8301    0.3371
    0.6390    0.8202    0.3261
    0.6191    0.8103    0.3150
    0.5992    0.8004    0.3040
    0.5794    0.7905    0.2930
    0.5595    0.7806    0.2819
    0.5397    0.7707    0.2709
    0.5265    0.7694    0.2730
    0.5134    0.7682    0.2751
    0.5002    0.7669    0.2772
    0.4870    0.7656    0.2793
    0.4739    0.7643    0.2814
    0.4607    0.7630    0.2835
    0.4475    0.7617    0.2856
    0.4344    0.7604    0.2877
    0.4212    0.7591    0.2898
    0.4081    0.7578    0.2919
    0.3949    0.7565    0.2940
    0.3817    0.7552    0.2961
    0.3686    0.7539    0.2982
    0.3554    0.7526    0.3003
    0.3422    0.7513    0.3023
    0.3291    0.7500    0.3044
    0.3159    0.7487    0.3065
    0.3027    0.7474    0.3086
    0.2896    0.7461    0.3107
    0.2764    0.7448    0.3128
    0.2633    0.7435    0.3149
    0.2501    0.7423    0.3170
    0.2369    0.7410    0.3191
    0.2238    0.7397    0.3212
    0.2106    0.7384    0.3233
    0.1974    0.7371    0.3254
    0.1843    0.7358    0.3275
    0.1711    0.7345    0.3296
    0.1580    0.7332    0.3317
    0.1448    0.7319    0.3338
    0.1316    0.7306    0.3359
    0.1185    0.7293    0.3380
    0.1053    0.7280    0.3401
    0.0921    0.7267    0.3422
    0.0790    0.7254    0.3443
    0.0658    0.7241    0.3464
    0.0527    0.7228    0.3485
    0.0395    0.7215    0.3506
    0.0263    0.7202    0.3527
    0.0132    0.7189    0.3548
         0    0.7176    0.3569];
