function [y]=cmap_gvel
y=[      0         0    0.5625
         0         0    0.5882
         0         0    0.6140
         0         0    0.6397
         0         0    0.6654
         0         0    0.6912
         0         0    0.7169
         0         0    0.7426
         0         0    0.7684
         0         0    0.7941
         0         0    0.8199
         0         0    0.8456
         0         0    0.8713
         0         0    0.8971
         0         0    0.9228
         0         0    0.9485
         0         0    0.9743
         0         0    1.0000
         0    0.0714    1.0000
         0    0.1429    1.0000
         0    0.2143    1.0000
         0    0.2857    1.0000
         0    0.3571    1.0000
         0    0.4286    1.0000
         0    0.5000    1.0000
         0    0.5714    1.0000
         0    0.6429    1.0000
         0    0.7143    1.0000
         0    0.7857    1.0000
         0    0.8571    1.0000
         0    0.9286    1.0000
         0    1.0000    1.0000
    0.3333    1.0000    0.6667
    0.6667    1.0000    0.3333
    1.0000    1.0000         0
    1.0000    0.9524         0
    1.0000    0.9048         0
    1.0000    0.8571         0
    1.0000    0.8095         0
    1.0000    0.7619         0
    1.0000    0.7143         0
    1.0000    0.6667         0
    1.0000    0.6190         0
    1.0000    0.5714         0
    1.0000    0.5238         0
    1.0000    0.4762         0
    1.0000    0.4286         0
    1.0000    0.3810         0
    1.0000    0.3333         0
    1.0000    0.2857         0
    1.0000    0.2381         0
    1.0000    0.1905         0
    1.0000    0.1429         0
    1.0000    0.0952         0
    1.0000    0.0476         0
    1.0000         0         0
    0.9375         0         0
    0.8750         0         0
    0.8125         0         0
    0.7500         0         0
    0.6875         0         0
    0.6250         0         0
    0.5625         0         0
    0.5000         0         0];
